count:10
matrix:[[0, 2, 1, 1, 1, 1, 1, 1, 1, 1], [1, 0, 4, 1, 1, 1, 1, 1, 1, 1], [1, 1, 0, 1, 3, 1, 1, 1, 1, 1], [1, 1, 1, 0, 1, 1, 1, 1, 1, 1], [1, 1, 1, 1, 0, 1, 1, 1, 1, 1], [1, 1, 1, 1, 1, 0, 1, 1, 1, 1], [1, 1, 1, 1, 1, 1, 0, 1, 1, 1], [1, 1, 1, 1, 1, 1, 1, 0, 1, 1], [1, 1, 1, 1, 1, 1, 1, 1, 0, 1], [1, 1, 1, 1, 1, 1, 1, 1, 1, 0]]
Th:[1.465422686224615, 0.710122179006507, 0.4275861851345885, 1.086404066859519, 0.5283883160061098, 1.3981027415636433, 0.38584921260579025, 0.20343306892797808, 0.1763636349631201, 2.0228270358623]
init:[0 2 2 0 0 2 1 1 0 2]
mem:[1, 1, 1, 1, 1, 1, 1, 1, 1, 1]
disc:[1, 1, 1, 1, 1, 1, 1, 1, 1, 1]
st:[[0.5986334488952026, 0.4013665511047974], [0.4769889885668803, 0.5230110114331198], [0.3175924522522221, 0.6824075477477779], [0.6718416416999404, 0.3281583583000595], [0.6700463847244982, 0.32995361527550177], [0.9553664241724373, 0.044633575827562694], [0.5818771683908156, 0.4181228316091845], [0.5243109854812172, 0.4756890145187827], [0.5342945693533857, 0.46570543064661424], [0.14083980910186364, 0.8591601908981363]]
iter:15
