count:15
matrix:[[0, 1, 1, 1, 1, 1, 1, 1, 0, 1, 1, 0, 1, 1, 1], [1, 0, 1, 1, 0, 1, 1, 1, 0, 1, 1, 1, 1, 1, 1], [1, 1, 0, 0, 1, 1, 1, 1, 1, 0, 1, 1, 1, 1, 0], [1, 1, 0, 0, 1, 1, 0, 1, 1, 1, 1, 1, 1, 1, 1], [0, 1, 1, 0, 0, 1, 1, 1, 1, 1, 1, 0, 0, 1, 1], [1, 1, 1, 1, 1, 0, 1, 1, 0, 1, 1, 1, 1, 1, 1], [1, 1, 0, 1, 1, 1, 0, 1, 1, 0, 1, 1, 0, 1, 1], [1, 1, 1, 1, 1, 1, 1, 0, 0, 0, 1, 1, 0, 1, 1], [1, 1, 0, 1, 1, 1, 1, 1, 0, 1, 0, 0, 1, 1, 1], [1, 1, 0, 1, 1, 1, 0, 1, 1, 0, 1, 1, 1, 1, 1], [1, 1, 1, 1, 1, 0, 1, 1, 1, 1, 0, 1, 1, 1, 1], [1, 0, 1, 0, 1, 1, 1, 0, 0, 1, 0, 0, 1, 1, 0], [1, 1, 1, 1, 1, 1, 1, 1, 0, 1, 0, 1, 0, 1, 0], [1, 0, 1, 1, 0, 1, 1, 1, 1, 1, 1, 1, 0, 0, 0], [1, 1, 1, 1, 1, 1, 1, 0, 1, 1, 1, 1, 0, 1, 0]]
Th:[35.227274637867, 65.82270536537064, 46.111663459664214, 22.352086599455447, 32.35670898764721, 17.697967742915402, 9.58537554679338, 93.93317835305018, 46.35310420439298, 23.21675302810935, 4.986811646286464, 0.8241760733950712, 14.4944321631685, 39.315722216328794, 4.175963913803887]
init:[2 2 1 0 0 0 0 2 0 0 1 2 1 0 1]
mem:[1, 1, 1, 1, 1, 1, 1, 1, 1, 1, 1, 1, 1, 1, 1]
disc:[1, 1, 1, 1, 1, 1, 1, 1, 1, 1, 1, 1, 1, 1, 1]
st:[[0.4238297971622896, 0.5761702028377105], [0.5000016753831193, 0.49999832461688065], [0.5157187335596004, 0.48428126644039954], [0.13539502705993042, 0.8646049729400697], [0.4999550444822167, 0.5000449555177833], [0.15055065638757162, 0.8494493436124284], [0.4362863760084229, 0.5637136239915771], [0.26474755654038984, 0.7352524434596102], [0.5000000755354012, 0.4999999244645989], [0.49944650913678457, 0.5005534908632154], [0.5004711884049508, 0.4995288115950493], [0.5093611223971996, 0.4906388776028004], [0.49530985528429095, 0.5046901447157089], [0.3318398237753918, 0.6681601762246082], [0.4999779532950763, 0.5000220467049237]]
iter:25
cntType:2
