count:12
matrix:[[0, 1, 0, 0, 0, 0, 0, 0, 0, 0, 0, 1], [1, 0, 0, 0, 0, 1, 1, 0, 0, 0, 1, 0], [0, 0, 0, 1, 1, 0, 0, 0, 0, 0, 0, 0], [0, 0, 1, 0, 0, 1, 0, 0, 0, 1, 0, 0], [0, 0, 1, 0, 0, 1, 0, 1, 0, 0, 0, 0], [0, 1, 0, 1, 0, 0, 0, 1, 0, 0, 0, 0], [0, 1, 0, 0, 0, 0, 0, 0, 1, 0, 0, 0], [0, 0, 0, 0, 0, 1, 0, 0, 1, 0, 1, 0], [0, 0, 0, 1, 0, 1, 1, 1, 0, 0, 0, 0], [0, 0, 0, 0, 0, 0, 0, 1, 0, 0, 0, 1], [0, 1, 0, 0, 0, 0, 0, 1, 0, 0, 0, 1], [0, 0, 0, 0, 0, 0, 0, 0, 1, 1, 0, 0]]
Th:[0.32301785, 0.7037387,  0.52077232, 0.41794492, 0.52905677, 0.58709287, 0.5467362,  0.5674221,  0.30483718, 0.53501154, 0.94903843, 0.65141104]
init:[0 1 1 0 0 2 1 1 0 2 2 1]
mem:[1, 1, 1, 1, 1, 1, 1, 1, 1, 1, 1, 1]
disc:[1, 1, 1, 1, 1, 1, 1, 1, 1, 1, 1, 1]
st:[[0.7702623094262355, 0.22973769057376447], [0.6039210350654068, 0.39607896493459316], [0.45175556964766894, 0.5482444303523311], [0.441740152714581, 0.558259847285419], [0.5809114332377718, 0.41908856676222817], [0.44040060816941984, 0.5595993918305802], [0.568558466626449, 0.43144153337355096], [0.7453264925499747, 0.25467350745002526], [0.706467227107846, 0.29353277289215396], [0.4013895048121703, 0.5986104951878297], [0.41286334077271275, 0.5871366592272873], [0.6235023545882357, 0.37649764541176434]]
iter:15
cntType:2
