count:8
matrix:[[0, 1, 1, 1, 0, 0, 0, 0], [100, 0, 1, 1, 0, 0, 0, 0], [100, 1, 0, 1, 0, 0, 0, 0], [100, 1, 1, 0, 0, 0, 0, 0], [0, 0, 0, 0, 0, 1, 1, 1], [0, 0, 0, 0, 1, 0, 1, 1], [100, 0, 0, 0, 1, 1, 0, 1], [0, 0, 0, 0, 1, 1, 1, 0]]
Th:[0.37650739971346486, 0.6442504699521328, 0.36966686967034024, 0.8336228123843572, 0.8734558924945509, 1.2186968298411638, 0.6920795034555974, 0.3510862791076446]
init:[1, 1, 1, 1, 2, 2, 2, 2]
mem:[1, 1, 1, 1, 1, 1, 1, 1]
disc:[1, 1, 1, 1, 1, 1, 1, 1]
st:[[0.8799409053519484, 0.12005909464805165], [0.7153869874167488, 0.2846130125832512], [0.5678699086724498, 0.4321300913275502], [0.6101211246575422, 0.3898788753424578], [0.579242977079897, 0.420757022920103], [0.18627669418077364, 0.8137233058192264], [0.3367137522942397, 0.6632862477057603], [0.46569922336773206, 0.5343007766322679]]
iter:25
cntType:2
